{
 "cells": [
  {
   "cell_type": "code",
   "execution_count": 1,
   "metadata": {
    "collapsed": true
   },
   "outputs": [],
   "source": [
    "import math\n",
    "import random\n",
    "import numpy as np\n",
    "import numpy.random\n",
    "import sys"
   ]
  },
  {
   "cell_type": "markdown",
   "metadata": {},
   "source": [
    "# Part 1"
   ]
  },
  {
   "cell_type": "code",
   "execution_count": 2,
   "metadata": {
    "collapsed": true
   },
   "outputs": [],
   "source": [
    "def generate_data(M=200, D=20, K=3, alpha_val=.1, beta_val=.01, L=50):\n",
    "    ## Inputs:\n",
    "    # M = number of documents\n",
    "    # D = number of words in the corpus\n",
    "    # K = number of topics\n",
    "    # alpha, beta = arguments for the dirichlet distribution\n",
    "    # L = number of words in each document\n",
    "    \n",
    "    ## Outputs:\n",
    "    # data = a matrix with the following columns:\n",
    "    #   - name of the document\n",
    "    #   - name of the word\n",
    "    #   - frequency of the word in the document\n",
    "    \n",
    "    # mixing = an MxK matrix. The ith row is the distribution of topics for the ith element\n",
    "    # topics = a KxD matrix. the kth row is the distribution of words in the kth topic.\n",
    "    \n",
    "    ## Generate the mixing measure:\n",
    "    alpha = [alpha_val for i in range(K)]\n",
    "    mixing = np.random.mtrand.dirichlet(alpha, size=M) # theta values\n",
    "    \n",
    "    ## Generate the topics:\n",
    "    beta = [beta_val for i in range(D)]\n",
    "    topics = np.random.mtrand.dirichlet(beta, size=K) # phi values \n",
    "    \n",
    "    ## For each of the word positions i, j where i in {1, ..., M} and j in {1, ..., N}\n",
    "    # Choose topic = Multinomial(theta)\n",
    "    Z = np.zeros(shape=(M, L))\n",
    "    for i in range(M):\n",
    "        for j in range(L):\n",
    "            Z[i, j] = np.nonzero(np.random.multinomial(1, mixing[i,:]))[0][0]\n",
    "    \n",
    "    # Choose word = Multinomial(phi)\n",
    "    data = np.zeros(shape=(M, D))\n",
    "    for i in range(M):\n",
    "        for j in range(L):\n",
    "            phi = topics[int(Z[i, j]),:]\n",
    "            idx = np.nonzero(np.random.multinomial(1, phi))[0][0]\n",
    "#             data[i, idx] = np.nonzero(np.random.multinomial(1, phi))[0][0]\n",
    "            data[i, idx] += 1\n",
    "    return data, mixing, topics, Z"
   ]
  },
  {
   "cell_type": "code",
   "execution_count": 3,
   "metadata": {
    "collapsed": true
   },
   "outputs": [],
   "source": [
    "def generate_document(data):\n",
    "    alphabet = 'abcdefghijklmnopqrst'\n",
    "    doc = \"\"\n",
    "    for i in range(len(data)):\n",
    "        if data[i] > 0:\n",
    "            for j in range(int(data[i])):\n",
    "                doc = doc + alphabet[i]\n",
    "    # Shuffle the string\n",
    "    doc_list = [a for a in doc]\n",
    "    random.shuffle(doc_list)\n",
    "    shuffled_doc = \" \".join(doc_list)\n",
    "    return shuffled_doc"
   ]
  },
  {
   "cell_type": "code",
   "execution_count": 4,
   "metadata": {
    "collapsed": true
   },
   "outputs": [],
   "source": [
    "def generate_numerical_document(data):\n",
    "    alphabet = 'abcdefghijklmnopqrst'\n",
    "    doc = \"\"\n",
    "    for i in range(len(data)):\n",
    "        if data[i] > 0:\n",
    "            for j in range(int(data[i])):\n",
    "                doc = doc +' '+ str(i)\n",
    "    return doc[1:]"
   ]
  },
  {
   "cell_type": "code",
   "execution_count": null,
   "metadata": {
    "collapsed": true
   },
   "outputs": [],
   "source": []
  },
  {
   "cell_type": "code",
   "execution_count": 5,
   "metadata": {
    "collapsed": true
   },
   "outputs": [],
   "source": [
    "data, mixing, topics, z = generate_data()"
   ]
  },
  {
   "cell_type": "code",
   "execution_count": 6,
   "metadata": {
    "collapsed": true
   },
   "outputs": [],
   "source": [
    "docs = []\n",
    "for i in range(200):\n",
    "    docs.append(generate_document(data[i]))"
   ]
  },
  {
   "cell_type": "code",
   "execution_count": 7,
   "metadata": {},
   "outputs": [
    {
     "data": {
      "text/plain": [
       "'i i i i i m h h i i n h h a h i p i i i i i i i i i i i h i h i h h n i h i h h i h h i i i h h h n'"
      ]
     },
     "execution_count": 7,
     "metadata": {},
     "output_type": "execute_result"
    }
   ],
   "source": [
    "docs[0]"
   ]
  },
  {
   "cell_type": "code",
   "execution_count": 8,
   "metadata": {},
   "outputs": [
    {
     "data": {
      "text/plain": [
       "array([[1., 0., 0., ..., 0., 0., 0.],\n",
       "       [0., 0., 0., ..., 0., 0., 0.],\n",
       "       [0., 0., 0., ..., 0., 0., 0.],\n",
       "       ...,\n",
       "       [1., 0., 0., ..., 0., 0., 0.],\n",
       "       [0., 0., 0., ..., 0., 0., 0.],\n",
       "       [0., 0., 0., ..., 0., 0., 0.]])"
      ]
     },
     "execution_count": 8,
     "metadata": {},
     "output_type": "execute_result"
    }
   ],
   "source": [
    "data"
   ]
  },
  {
   "cell_type": "code",
   "execution_count": 9,
   "metadata": {},
   "outputs": [
    {
     "data": {
      "text/plain": [
       "array([[5.07689577e-02, 6.13292321e-01, 3.35938721e-01],\n",
       "       [9.56498309e-01, 7.36347722e-04, 4.27653430e-02],\n",
       "       [4.93958990e-01, 5.06036729e-01, 4.28117381e-06],\n",
       "       [3.29277763e-08, 4.01738628e-02, 9.59826104e-01],\n",
       "       [5.16235859e-03, 5.02306592e-02, 9.44606982e-01],\n",
       "       [1.03168604e-13, 9.97695264e-01, 2.30473643e-03],\n",
       "       [7.06058476e-02, 9.29253258e-01, 1.40894290e-04],\n",
       "       [8.73288296e-01, 7.25013105e-05, 1.26639203e-01],\n",
       "       [9.97015274e-01, 2.98469791e-03, 2.85484666e-08],\n",
       "       [2.95667284e-01, 1.32332452e-05, 7.04319483e-01],\n",
       "       [3.54642766e-07, 4.68949679e-02, 9.53104677e-01],\n",
       "       [9.99722525e-01, 8.23952498e-12, 2.77474681e-04],\n",
       "       [2.97265084e-12, 1.81361427e-04, 9.99818639e-01],\n",
       "       [1.16056137e-09, 1.08152779e-02, 9.89184721e-01],\n",
       "       [1.04377703e-02, 6.94922677e-01, 2.94639553e-01],\n",
       "       [9.00564563e-01, 9.74585851e-02, 1.97685155e-03],\n",
       "       [3.76849207e-04, 9.97421686e-01, 2.20146484e-03],\n",
       "       [1.72955766e-02, 2.66662340e-03, 9.80037800e-01],\n",
       "       [9.66297189e-08, 3.80153039e-04, 9.99619750e-01],\n",
       "       [6.83031333e-01, 9.44511866e-03, 3.07523548e-01],\n",
       "       [2.90189956e-01, 2.85428166e-15, 7.09810044e-01],\n",
       "       [5.40072721e-03, 2.47098167e-01, 7.47501106e-01],\n",
       "       [9.96948504e-01, 3.05148985e-03, 5.80723731e-09],\n",
       "       [3.13353312e-01, 2.11561900e-01, 4.75084787e-01],\n",
       "       [5.43776182e-01, 3.99985536e-01, 5.62382824e-02],\n",
       "       [2.77940027e-03, 2.05602931e-05, 9.97200039e-01],\n",
       "       [8.27234605e-01, 1.72692780e-01, 7.26152920e-05],\n",
       "       [1.31703653e-03, 2.21111801e-05, 9.98660852e-01],\n",
       "       [9.99986458e-01, 1.42428853e-07, 1.33992275e-05],\n",
       "       [3.22985037e-06, 2.24202295e-06, 9.99994528e-01],\n",
       "       [3.63256436e-05, 6.54010061e-08, 9.99963609e-01],\n",
       "       [3.08090813e-16, 1.00000000e+00, 6.37205293e-17],\n",
       "       [1.00750243e-09, 4.42484709e-06, 9.99995574e-01],\n",
       "       [6.64402488e-13, 9.99999720e-01, 2.80325518e-07],\n",
       "       [2.79294416e-10, 9.99998972e-01, 1.02777522e-06],\n",
       "       [1.04676264e-04, 9.99895324e-01, 2.10533530e-19],\n",
       "       [9.99054181e-01, 9.45340061e-07, 9.44873919e-04],\n",
       "       [3.16847541e-01, 6.83106542e-01, 4.59172886e-05],\n",
       "       [8.04905816e-01, 5.87631139e-09, 1.95094178e-01],\n",
       "       [1.07700742e-15, 9.22263757e-01, 7.77362432e-02],\n",
       "       [1.07001694e-07, 9.99693651e-01, 3.06242291e-04],\n",
       "       [2.76445631e-01, 5.70156261e-02, 6.66538743e-01],\n",
       "       [1.31035460e-01, 7.79131684e-01, 8.98328551e-02],\n",
       "       [9.11588154e-05, 9.99640297e-01, 2.68544078e-04],\n",
       "       [9.06014671e-01, 9.39853176e-02, 1.09082924e-08],\n",
       "       [9.33296873e-01, 6.74648743e-03, 5.99566396e-02],\n",
       "       [7.20438476e-01, 9.09368568e-16, 2.79561524e-01],\n",
       "       [1.02224024e-01, 8.97772024e-01, 3.95233410e-06],\n",
       "       [9.98689524e-01, 1.71928249e-04, 1.13854778e-03],\n",
       "       [9.46671127e-01, 5.33288488e-02, 2.38397983e-08],\n",
       "       [6.11289795e-01, 3.29111844e-02, 3.55799021e-01],\n",
       "       [2.52796731e-02, 9.71198832e-01, 3.52149453e-03],\n",
       "       [9.46678946e-01, 9.27974858e-09, 5.33210444e-02],\n",
       "       [2.64580929e-01, 2.08388523e-01, 5.27030549e-01],\n",
       "       [2.67345048e-05, 4.21930747e-02, 9.57780191e-01],\n",
       "       [5.99079668e-01, 7.50457665e-13, 4.00920332e-01],\n",
       "       [4.27038648e-02, 9.57296077e-01, 5.77263324e-08],\n",
       "       [2.74904963e-02, 3.02457343e-06, 9.72506479e-01],\n",
       "       [9.85363433e-01, 6.00345497e-06, 1.46305632e-02],\n",
       "       [1.56985134e-03, 7.53185938e-03, 9.90898289e-01],\n",
       "       [1.78551456e-07, 9.99999821e-01, 3.40091344e-12],\n",
       "       [1.07925876e-14, 1.56417717e-01, 8.43582283e-01],\n",
       "       [2.14394474e-01, 7.82598453e-03, 7.77779541e-01],\n",
       "       [2.10239413e-02, 9.71816802e-01, 7.15925681e-03],\n",
       "       [7.85464181e-01, 3.76192895e-03, 2.10773890e-01],\n",
       "       [2.26140678e-06, 1.70480673e-05, 9.99980691e-01],\n",
       "       [7.87246596e-01, 6.27951673e-17, 2.12753404e-01],\n",
       "       [1.08170636e-03, 1.56056502e-02, 9.83312643e-01],\n",
       "       [1.07646773e-01, 8.92353092e-01, 1.34925787e-07],\n",
       "       [6.20206610e-06, 9.95024358e-01, 4.96944007e-03],\n",
       "       [5.05501951e-06, 9.67505855e-02, 9.03244359e-01],\n",
       "       [1.06489251e-02, 9.89351074e-01, 1.11673531e-09],\n",
       "       [9.25246859e-14, 7.62631532e-11, 1.00000000e+00],\n",
       "       [9.21741203e-01, 3.04367933e-10, 7.82587967e-02],\n",
       "       [6.03112274e-04, 9.99396888e-01, 1.45794087e-11],\n",
       "       [8.48153069e-02, 5.70423587e-03, 9.09480457e-01],\n",
       "       [1.14265187e-03, 9.98857344e-01, 4.10534082e-09],\n",
       "       [3.91474706e-06, 8.31577514e-09, 9.99996077e-01],\n",
       "       [7.63150578e-04, 9.99236846e-01, 3.37174799e-09],\n",
       "       [1.87849534e-02, 9.72107011e-01, 9.10803572e-03],\n",
       "       [5.93952315e-03, 9.94060445e-01, 3.16258108e-08],\n",
       "       [2.72701775e-01, 7.27298225e-01, 5.47848584e-18],\n",
       "       [2.34288794e-10, 2.66180144e-05, 9.99973382e-01],\n",
       "       [6.14204616e-05, 1.12473285e-03, 9.98813847e-01],\n",
       "       [2.68832702e-02, 9.65790165e-01, 7.32656486e-03],\n",
       "       [1.51001940e-04, 7.05945759e-01, 2.93903239e-01],\n",
       "       [2.89495397e-17, 9.99999975e-01, 2.53158013e-08],\n",
       "       [4.68079950e-06, 9.99992910e-01, 2.40962405e-06],\n",
       "       [1.17275830e-02, 6.57818719e-01, 3.30453698e-01],\n",
       "       [3.46042434e-01, 1.78361000e-02, 6.36121466e-01],\n",
       "       [7.95337108e-03, 9.75018534e-01, 1.70280951e-02],\n",
       "       [2.16444027e-06, 9.68070309e-01, 3.19275265e-02],\n",
       "       [4.17221362e-01, 5.82777646e-01, 9.92459347e-07],\n",
       "       [2.77201841e-13, 9.99999692e-01, 3.08216319e-07],\n",
       "       [2.73221219e-01, 6.60255046e-01, 6.65237343e-02],\n",
       "       [1.16709144e-01, 6.35205552e-09, 8.83290849e-01],\n",
       "       [1.20361660e-02, 9.77983653e-01, 9.98018089e-03],\n",
       "       [1.83008613e-02, 9.78660081e-01, 3.03905777e-03],\n",
       "       [4.88440384e-09, 9.99998333e-01, 1.66237031e-06],\n",
       "       [3.36021533e-04, 9.98409815e-01, 1.25416356e-03],\n",
       "       [1.00006943e-13, 9.99927999e-01, 7.20012550e-05],\n",
       "       [1.20367595e-03, 6.45445392e-01, 3.53350932e-01],\n",
       "       [9.88244291e-01, 1.06828004e-02, 1.07290827e-03],\n",
       "       [7.03175868e-01, 2.96820885e-01, 3.24729933e-06],\n",
       "       [9.33143696e-01, 4.11478172e-02, 2.57084871e-02],\n",
       "       [9.98315325e-01, 1.25220617e-03, 4.32468968e-04],\n",
       "       [9.97302296e-01, 2.69769283e-03, 1.07752029e-08],\n",
       "       [1.62581882e-01, 1.25711454e-02, 8.24846973e-01],\n",
       "       [6.32693465e-01, 2.15401532e-06, 3.67304381e-01],\n",
       "       [3.74571028e-02, 9.94803885e-09, 9.62542887e-01],\n",
       "       [9.69142493e-02, 9.03085528e-01, 2.22734258e-07],\n",
       "       [1.32662691e-04, 6.08440610e-04, 9.99258897e-01],\n",
       "       [7.59369812e-04, 7.69745857e-03, 9.91543172e-01],\n",
       "       [4.11110592e-06, 1.42839739e-06, 9.99994460e-01],\n",
       "       [9.95410870e-01, 1.86694474e-07, 4.58894339e-03],\n",
       "       [5.02570650e-01, 4.87236514e-01, 1.01928365e-02],\n",
       "       [1.27784537e-03, 2.34795510e-01, 7.63926645e-01],\n",
       "       [3.53775702e-02, 9.98695623e-06, 9.64612443e-01],\n",
       "       [1.81458504e-02, 5.53611503e-21, 9.81854150e-01],\n",
       "       [6.07272984e-04, 7.80303511e-01, 2.19089216e-01],\n",
       "       [3.81454219e-05, 1.92789315e-01, 8.07172540e-01],\n",
       "       [2.85404887e-21, 3.25816869e-02, 9.67418313e-01],\n",
       "       [4.40362474e-17, 5.24912781e-03, 9.94750872e-01],\n",
       "       [9.99097854e-01, 4.21129695e-04, 4.81016221e-04],\n",
       "       [6.89665216e-01, 2.84712296e-01, 2.56224884e-02],\n",
       "       [2.54853348e-01, 7.17100861e-06, 7.45139481e-01],\n",
       "       [6.02991326e-03, 6.46895609e-01, 3.47074477e-01],\n",
       "       [1.74750036e-07, 2.47754475e-02, 9.75224378e-01],\n",
       "       [9.98886164e-04, 9.99001114e-01, 2.31337820e-15],\n",
       "       [7.05330088e-02, 1.46447015e-02, 9.14822290e-01],\n",
       "       [5.17799025e-05, 1.09167076e-07, 9.99948111e-01],\n",
       "       [7.35314850e-01, 5.30931294e-04, 2.64154219e-01],\n",
       "       [8.32955647e-02, 1.08326263e-02, 9.05871809e-01],\n",
       "       [5.02946218e-04, 3.48334396e-01, 6.51162658e-01],\n",
       "       [9.62551896e-09, 9.97907980e-01, 2.09200999e-03],\n",
       "       [7.84102638e-02, 2.65299705e-01, 6.56290032e-01],\n",
       "       [1.61673007e-02, 2.18751913e-02, 9.61957508e-01],\n",
       "       [2.29217321e-02, 1.33456484e-08, 9.77078255e-01],\n",
       "       [1.95776659e-09, 3.85805721e-11, 9.99999998e-01],\n",
       "       [2.25255082e-02, 1.35294363e-04, 9.77339197e-01],\n",
       "       [7.41200239e-01, 3.78271279e-08, 2.58799724e-01],\n",
       "       [1.79369919e-01, 5.64039407e-01, 2.56590673e-01],\n",
       "       [1.14046055e-17, 9.99999855e-01, 1.44667125e-07],\n",
       "       [9.96663690e-01, 3.01437513e-03, 3.21934684e-04],\n",
       "       [4.97741981e-09, 3.20157008e-04, 9.99679838e-01],\n",
       "       [1.97449105e-16, 6.15490995e-01, 3.84509005e-01],\n",
       "       [2.85557426e-01, 3.55548391e-03, 7.10887090e-01],\n",
       "       [9.62881934e-01, 3.71093784e-02, 8.68768792e-06],\n",
       "       [6.18496662e-01, 1.12852441e-03, 3.80374813e-01],\n",
       "       [9.99985524e-01, 6.77345073e-06, 7.70265670e-06],\n",
       "       [7.04729724e-05, 1.68506382e-05, 9.99912676e-01],\n",
       "       [3.72160341e-03, 5.83755084e-01, 4.12523312e-01],\n",
       "       [9.56442521e-02, 9.04331994e-01, 2.37543305e-05],\n",
       "       [3.78124770e-03, 9.96202064e-01, 1.66878790e-05],\n",
       "       [1.58159166e-07, 6.58544866e-01, 3.41454976e-01],\n",
       "       [8.70266670e-01, 5.88678610e-04, 1.29144651e-01],\n",
       "       [3.67365147e-16, 8.31933358e-03, 9.91680666e-01],\n",
       "       [2.29157288e-01, 2.13724322e-02, 7.49470280e-01],\n",
       "       [9.02876349e-01, 1.01636503e-06, 9.71226344e-02],\n",
       "       [2.70922437e-07, 8.51580974e-06, 9.99991213e-01],\n",
       "       [8.04268707e-01, 2.74614470e-05, 1.95703832e-01],\n",
       "       [1.03853125e-06, 8.21109501e-01, 1.78889460e-01],\n",
       "       [3.78258516e-01, 4.81347412e-01, 1.40394072e-01],\n",
       "       [2.49258411e-02, 9.28514227e-01, 4.65599322e-02],\n",
       "       [7.66648406e-10, 9.99979347e-01, 2.06525389e-05],\n",
       "       [3.20244675e-08, 9.99190576e-01, 8.09391516e-04],\n",
       "       [9.99632498e-01, 3.67499553e-04, 1.95926442e-09],\n",
       "       [9.95052877e-01, 4.93723269e-03, 9.88984009e-06],\n",
       "       [2.14256332e-03, 2.98591092e-01, 6.99266344e-01],\n",
       "       [9.94808178e-01, 1.23263094e-05, 5.17949541e-03],\n",
       "       [3.41894580e-01, 6.58105420e-01, 3.56324724e-22],\n",
       "       [5.63198784e-07, 1.47187987e-02, 9.85280638e-01],\n",
       "       [3.21154694e-01, 8.82059825e-10, 6.78845305e-01],\n",
       "       [9.93083633e-01, 6.16423961e-03, 7.52127880e-04],\n",
       "       [1.44864011e-01, 8.24894929e-01, 3.02410600e-02],\n",
       "       [3.84423861e-01, 4.77065650e-06, 6.15571368e-01],\n",
       "       [3.18859303e-01, 3.92154832e-10, 6.81140696e-01],\n",
       "       [2.84914917e-02, 8.15944435e-01, 1.55564074e-01],\n",
       "       [2.72669924e-11, 1.02685893e-09, 9.99999999e-01],\n",
       "       [3.52037371e-05, 9.99806157e-01, 1.58639627e-04],\n",
       "       [2.70118329e-06, 7.02376646e-01, 2.97620653e-01],\n",
       "       [7.34522674e-01, 2.65477172e-01, 1.53742025e-07],\n",
       "       [5.77176289e-04, 3.55718875e-01, 6.43703949e-01],\n",
       "       [1.03496991e-02, 5.28274069e-04, 9.89122027e-01],\n",
       "       [9.98188973e-01, 2.12884598e-11, 1.81102684e-03],\n",
       "       [1.60411132e-05, 9.99983799e-01, 1.60066824e-07],\n",
       "       [2.36163155e-11, 2.45558496e-05, 9.99975444e-01],\n",
       "       [3.36284110e-07, 4.26912280e-03, 9.95730541e-01],\n",
       "       [8.79792030e-17, 4.67635902e-03, 9.95323641e-01],\n",
       "       [1.41305666e-13, 5.40821601e-05, 9.99945918e-01],\n",
       "       [2.07530100e-06, 9.99997907e-01, 1.73901443e-08],\n",
       "       [4.70078207e-07, 2.57771825e-03, 9.97421812e-01],\n",
       "       [8.99668795e-01, 2.79303184e-09, 1.00331202e-01],\n",
       "       [1.93898085e-01, 1.45264337e-07, 8.06101770e-01],\n",
       "       [9.18002208e-01, 7.81291890e-02, 3.86860257e-03],\n",
       "       [9.99703548e-01, 2.05160494e-14, 2.96451776e-04],\n",
       "       [9.99104338e-01, 8.17919359e-04, 7.77422498e-05],\n",
       "       [5.40718320e-02, 9.07808355e-05, 9.45837387e-01],\n",
       "       [7.04072920e-03, 9.81138988e-01, 1.18202824e-02],\n",
       "       [6.74382368e-01, 2.46374742e-04, 3.25371257e-01]])"
      ]
     },
     "execution_count": 9,
     "metadata": {},
     "output_type": "execute_result"
    }
   ],
   "source": [
    "mixing"
   ]
  },
  {
   "cell_type": "code",
   "execution_count": 10,
   "metadata": {},
   "outputs": [],
   "source": [
    "import pandas as pd\n",
    "topic_df = pd.DataFrame(topics, columns=['a', 'b', 'c', 'd', 'e', 'f', 'g', 'h', 'i', 'j', 'k', 'l', 'm', 'n', 'o', 'p','q', 'r', 's', 't'])\n"
   ]
  },
  {
   "cell_type": "code",
   "execution_count": 11,
   "metadata": {},
   "outputs": [
    {
     "data": {
      "text/html": [
       "<div>\n",
       "<table border=\"1\" class=\"dataframe\">\n",
       "  <thead>\n",
       "    <tr style=\"text-align: right;\">\n",
       "      <th></th>\n",
       "      <th>0</th>\n",
       "      <th>1</th>\n",
       "      <th>2</th>\n",
       "    </tr>\n",
       "  </thead>\n",
       "  <tbody>\n",
       "    <tr>\n",
       "      <th>a</th>\n",
       "      <td>8.098913e-15</td>\n",
       "      <td>2.799610e-12</td>\n",
       "      <td>4.975285e-02</td>\n",
       "    </tr>\n",
       "    <tr>\n",
       "      <th>b</th>\n",
       "      <td>4.024448e-32</td>\n",
       "      <td>6.141623e-100</td>\n",
       "      <td>8.575695e-32</td>\n",
       "    </tr>\n",
       "    <tr>\n",
       "      <th>c</th>\n",
       "      <td>4.016238e-16</td>\n",
       "      <td>8.529528e-34</td>\n",
       "      <td>1.727045e-11</td>\n",
       "    </tr>\n",
       "    <tr>\n",
       "      <th>d</th>\n",
       "      <td>1.953590e-09</td>\n",
       "      <td>2.189378e-300</td>\n",
       "      <td>4.118565e-52</td>\n",
       "    </tr>\n",
       "    <tr>\n",
       "      <th>e</th>\n",
       "      <td>1.028176e-32</td>\n",
       "      <td>5.210284e-44</td>\n",
       "      <td>2.713500e-12</td>\n",
       "    </tr>\n",
       "    <tr>\n",
       "      <th>f</th>\n",
       "      <td>4.867376e-14</td>\n",
       "      <td>1.133435e-138</td>\n",
       "      <td>5.629619e-54</td>\n",
       "    </tr>\n",
       "    <tr>\n",
       "      <th>g</th>\n",
       "      <td>5.596823e-15</td>\n",
       "      <td>4.165935e-18</td>\n",
       "      <td>3.246941e-33</td>\n",
       "    </tr>\n",
       "    <tr>\n",
       "      <th>h</th>\n",
       "      <td>1.287283e-231</td>\n",
       "      <td>3.334864e-46</td>\n",
       "      <td>9.501053e-01</td>\n",
       "    </tr>\n",
       "    <tr>\n",
       "      <th>i</th>\n",
       "      <td>6.179799e-19</td>\n",
       "      <td>8.990870e-01</td>\n",
       "      <td>2.374653e-71</td>\n",
       "    </tr>\n",
       "    <tr>\n",
       "      <th>j</th>\n",
       "      <td>3.169720e-17</td>\n",
       "      <td>5.419223e-34</td>\n",
       "      <td>9.409287e-100</td>\n",
       "    </tr>\n",
       "    <tr>\n",
       "      <th>k</th>\n",
       "      <td>3.643670e-32</td>\n",
       "      <td>1.544065e-73</td>\n",
       "      <td>1.021607e-52</td>\n",
       "    </tr>\n",
       "    <tr>\n",
       "      <th>l</th>\n",
       "      <td>3.312475e-124</td>\n",
       "      <td>1.675265e-23</td>\n",
       "      <td>5.593847e-24</td>\n",
       "    </tr>\n",
       "    <tr>\n",
       "      <th>m</th>\n",
       "      <td>9.999999e-01</td>\n",
       "      <td>6.748363e-48</td>\n",
       "      <td>1.077222e-15</td>\n",
       "    </tr>\n",
       "    <tr>\n",
       "      <th>n</th>\n",
       "      <td>3.198502e-50</td>\n",
       "      <td>6.772251e-02</td>\n",
       "      <td>1.418213e-04</td>\n",
       "    </tr>\n",
       "    <tr>\n",
       "      <th>o</th>\n",
       "      <td>3.787547e-49</td>\n",
       "      <td>5.636952e-314</td>\n",
       "      <td>2.815723e-21</td>\n",
       "    </tr>\n",
       "    <tr>\n",
       "      <th>p</th>\n",
       "      <td>1.150334e-28</td>\n",
       "      <td>3.319046e-02</td>\n",
       "      <td>5.200702e-72</td>\n",
       "    </tr>\n",
       "    <tr>\n",
       "      <th>q</th>\n",
       "      <td>6.787168e-08</td>\n",
       "      <td>1.543843e-41</td>\n",
       "      <td>5.229158e-212</td>\n",
       "    </tr>\n",
       "    <tr>\n",
       "      <th>r</th>\n",
       "      <td>2.242231e-25</td>\n",
       "      <td>3.205409e-29</td>\n",
       "      <td>5.814715e-74</td>\n",
       "    </tr>\n",
       "    <tr>\n",
       "      <th>s</th>\n",
       "      <td>2.371896e-55</td>\n",
       "      <td>1.219900e-56</td>\n",
       "      <td>1.676448e-84</td>\n",
       "    </tr>\n",
       "    <tr>\n",
       "      <th>t</th>\n",
       "      <td>2.340999e-13</td>\n",
       "      <td>4.376546e-105</td>\n",
       "      <td>9.371795e-29</td>\n",
       "    </tr>\n",
       "  </tbody>\n",
       "</table>\n",
       "</div>"
      ],
      "text/plain": [
       "               0              1              2\n",
       "a   8.098913e-15   2.799610e-12   4.975285e-02\n",
       "b   4.024448e-32  6.141623e-100   8.575695e-32\n",
       "c   4.016238e-16   8.529528e-34   1.727045e-11\n",
       "d   1.953590e-09  2.189378e-300   4.118565e-52\n",
       "e   1.028176e-32   5.210284e-44   2.713500e-12\n",
       "f   4.867376e-14  1.133435e-138   5.629619e-54\n",
       "g   5.596823e-15   4.165935e-18   3.246941e-33\n",
       "h  1.287283e-231   3.334864e-46   9.501053e-01\n",
       "i   6.179799e-19   8.990870e-01   2.374653e-71\n",
       "j   3.169720e-17   5.419223e-34  9.409287e-100\n",
       "k   3.643670e-32   1.544065e-73   1.021607e-52\n",
       "l  3.312475e-124   1.675265e-23   5.593847e-24\n",
       "m   9.999999e-01   6.748363e-48   1.077222e-15\n",
       "n   3.198502e-50   6.772251e-02   1.418213e-04\n",
       "o   3.787547e-49  5.636952e-314   2.815723e-21\n",
       "p   1.150334e-28   3.319046e-02   5.200702e-72\n",
       "q   6.787168e-08   1.543843e-41  5.229158e-212\n",
       "r   2.242231e-25   3.205409e-29   5.814715e-74\n",
       "s   2.371896e-55   1.219900e-56   1.676448e-84\n",
       "t   2.340999e-13  4.376546e-105   9.371795e-29"
      ]
     },
     "execution_count": 11,
     "metadata": {},
     "output_type": "execute_result"
    }
   ],
   "source": [
    "topic_df.transpose()"
   ]
  },
  {
   "cell_type": "code",
   "execution_count": 12,
   "metadata": {
    "scrolled": true
   },
   "outputs": [
    {
     "data": {
      "text/plain": [
       "array([[8.09891341e-015, 4.02444780e-032, 4.01623839e-016,\n",
       "        1.95358952e-009, 1.02817614e-032, 4.86737557e-014,\n",
       "        5.59682335e-015, 1.28728315e-231, 6.17979937e-019,\n",
       "        3.16971977e-017, 3.64367022e-032, 3.31247496e-124,\n",
       "        9.99999930e-001, 3.19850176e-050, 3.78754712e-049,\n",
       "        1.15033445e-028, 6.78716806e-008, 2.24223064e-025,\n",
       "        2.37189557e-055, 2.34099903e-013],\n",
       "       [2.79960968e-012, 6.14162347e-100, 8.52952811e-034,\n",
       "        2.18937751e-300, 5.21028415e-044, 1.13343486e-138,\n",
       "        4.16593499e-018, 3.33486395e-046, 8.99087037e-001,\n",
       "        5.41922280e-034, 1.54406459e-073, 1.67526455e-023,\n",
       "        6.74836266e-048, 6.77225051e-002, 5.63695153e-314,\n",
       "        3.31904577e-002, 1.54384343e-041, 3.20540930e-029,\n",
       "        1.21990038e-056, 4.37654575e-105],\n",
       "       [4.97528464e-002, 8.57569536e-032, 1.72704511e-011,\n",
       "        4.11856472e-052, 2.71349965e-012, 5.62961939e-054,\n",
       "        3.24694149e-033, 9.50105332e-001, 2.37465273e-071,\n",
       "        9.40928673e-100, 1.02160731e-052, 5.59384678e-024,\n",
       "        1.07722160e-015, 1.41821344e-004, 2.81572257e-021,\n",
       "        5.20070174e-072, 5.22915808e-212, 5.81471496e-074,\n",
       "        1.67644804e-084, 9.37179451e-029]])"
      ]
     },
     "execution_count": 12,
     "metadata": {},
     "output_type": "execute_result"
    }
   ],
   "source": [
    "topics"
   ]
  },
  {
   "cell_type": "code",
   "execution_count": 13,
   "metadata": {},
   "outputs": [
    {
     "data": {
      "text/plain": [
       "1.0"
      ]
     },
     "execution_count": 13,
     "metadata": {},
     "output_type": "execute_result"
    }
   ],
   "source": [
    "sum(topics[2])"
   ]
  },
  {
   "cell_type": "code",
   "execution_count": 14,
   "metadata": {},
   "outputs": [
    {
     "data": {
      "text/plain": [
       "(3, 20)"
      ]
     },
     "execution_count": 14,
     "metadata": {},
     "output_type": "execute_result"
    }
   ],
   "source": [
    "topics.shape"
   ]
  },
  {
   "cell_type": "markdown",
   "metadata": {},
   "source": [
    "# Part 2"
   ]
  },
  {
   "cell_type": "code",
   "execution_count": 15,
   "metadata": {
    "collapsed": true
   },
   "outputs": [],
   "source": [
    "from sklearn.decomposition import LatentDirichletAllocation\n",
    "from sklearn.feature_extraction.text import TfidfVectorizer, CountVectorizer"
   ]
  },
  {
   "cell_type": "code",
   "execution_count": 16,
   "metadata": {
    "scrolled": true
   },
   "outputs": [
    {
     "data": {
      "text/plain": [
       "LatentDirichletAllocation(batch_size=128, doc_topic_prior=0.1,\n",
       "             evaluate_every=-1, learning_decay=0.7,\n",
       "             learning_method='batch', learning_offset=10.0,\n",
       "             max_doc_update_iter=100, max_iter=5, mean_change_tol=0.001,\n",
       "             n_components=3, n_jobs=1, n_topics=None, perp_tol=0.1,\n",
       "             random_state=0, topic_word_prior=0.01, total_samples=200,\n",
       "             verbose=0)"
      ]
     },
     "execution_count": 16,
     "metadata": {},
     "output_type": "execute_result"
    }
   ],
   "source": [
    "# Modified from: https://medium.com/mlreview/topic-modeling-with-scikit-learn-e80d33668730\n",
    "# tf_vectorizer = CountVectorizer(max_features=20, stop_words=None)\n",
    "# tf = tf_vectorizer.fit(docs)\n",
    "# doc_topic_prior = alpha\n",
    "# topic_word_prior = beta\n",
    "# lda = LatentDirichletAllocation(n_topics=3, doc_topic_prior = 0.1, topic_word_prior=0.01, max_iter=5, learning_method='batch', random_state=0)\n",
    "lda = LatentDirichletAllocation(n_components=3,total_samples=200, doc_topic_prior = 0.1, topic_word_prior=0.01, max_iter=5, learning_method='batch', random_state=0)\n",
    "lda.fit(data)"
   ]
  },
  {
   "cell_type": "code",
   "execution_count": null,
   "metadata": {
    "collapsed": true
   },
   "outputs": [],
   "source": []
  },
  {
   "cell_type": "code",
   "execution_count": null,
   "metadata": {
    "scrolled": true
   },
   "outputs": [],
   "source": [
    "lda.components_"
   ]
  },
  {
   "cell_type": "code",
   "execution_count": null,
   "metadata": {},
   "outputs": [],
   "source": [
    "lda_df = pd.DataFrame(lda.components_)#, columns=['a', 'b', 'c', 'd', 'e', 'f', 'g', 'h', 'i', 'j', 'k', 'l', 'm', 'n', 'o', 'p','q', 'r', 's', 't'])\n",
    "lda_df.transpose()"
   ]
  },
  {
   "cell_type": "code",
   "execution_count": null,
   "metadata": {},
   "outputs": [],
   "source": [
    "lda.transform(data)"
   ]
  },
  {
   "cell_type": "code",
   "execution_count": null,
   "metadata": {},
   "outputs": [],
   "source": [
    "sum(data[0])"
   ]
  },
  {
   "cell_type": "code",
   "execution_count": 22,
   "metadata": {
    "collapsed": true
   },
   "outputs": [],
   "source": [
    "row_sum = np.sum(lda.components_, axis=1)\n",
    "normalized_topics = lda.components_\n",
    "for i in range(3):\n",
    "    normalized_topics[i, :] = normalized_topics[i, :] / row_sum[i]"
   ]
  },
  {
   "cell_type": "code",
   "execution_count": 23,
   "metadata": {
    "scrolled": false
   },
   "outputs": [
    {
     "data": {
      "text/plain": [
       "array([[6.28803611e-03, 3.30443347e-06, 3.30443347e-06, 3.30443347e-06,\n",
       "        3.30443347e-06, 3.30443347e-06, 3.30443347e-06, 1.00807960e-01,\n",
       "        8.00964525e-01, 3.30443347e-06, 3.30443347e-06, 3.30443347e-06,\n",
       "        3.30443347e-06, 6.28478993e-02, 3.30443347e-06, 2.90420135e-02,\n",
       "        3.30443347e-06, 3.30443347e-06, 3.30443347e-06, 3.30443347e-06],\n",
       "       [5.03752750e-02, 2.72312164e-06, 2.72312164e-06, 2.72312164e-06,\n",
       "        2.72312164e-06, 2.72312164e-06, 2.72312164e-06, 9.26940755e-01,\n",
       "        2.72320156e-06, 2.72312164e-06, 2.72312164e-06, 2.72312164e-06,\n",
       "        2.26376767e-02, 2.72312164e-06, 2.72312164e-06, 2.72312164e-06,\n",
       "        2.72312164e-06, 2.72312164e-06, 2.72312164e-06, 2.72312164e-06],\n",
       "       [3.02836986e-06, 3.02836986e-06, 3.02836986e-06, 3.02836986e-06,\n",
       "        3.02836986e-06, 3.02836986e-06, 3.02836986e-06, 6.04873698e-04,\n",
       "        1.66594029e-01, 3.02836986e-06, 3.02836986e-06, 3.02836986e-06,\n",
       "        8.11872241e-01, 1.41810504e-02, 3.02836986e-06, 6.70238034e-03,\n",
       "        3.02836986e-06, 3.02836986e-06, 3.02836986e-06, 3.02836986e-06]])"
      ]
     },
     "execution_count": 23,
     "metadata": {},
     "output_type": "execute_result"
    }
   ],
   "source": [
    "lda.components_"
   ]
  },
  {
   "cell_type": "code",
   "execution_count": 24,
   "metadata": {},
   "outputs": [
    {
     "data": {
      "text/html": [
       "<div>\n",
       "<table border=\"1\" class=\"dataframe\">\n",
       "  <thead>\n",
       "    <tr style=\"text-align: right;\">\n",
       "      <th></th>\n",
       "      <th>0</th>\n",
       "      <th>1</th>\n",
       "      <th>2</th>\n",
       "    </tr>\n",
       "  </thead>\n",
       "  <tbody>\n",
       "    <tr>\n",
       "      <th>a</th>\n",
       "      <td>0.006288</td>\n",
       "      <td>0.050375</td>\n",
       "      <td>0.000003</td>\n",
       "    </tr>\n",
       "    <tr>\n",
       "      <th>b</th>\n",
       "      <td>0.000003</td>\n",
       "      <td>0.000003</td>\n",
       "      <td>0.000003</td>\n",
       "    </tr>\n",
       "    <tr>\n",
       "      <th>c</th>\n",
       "      <td>0.000003</td>\n",
       "      <td>0.000003</td>\n",
       "      <td>0.000003</td>\n",
       "    </tr>\n",
       "    <tr>\n",
       "      <th>d</th>\n",
       "      <td>0.000003</td>\n",
       "      <td>0.000003</td>\n",
       "      <td>0.000003</td>\n",
       "    </tr>\n",
       "    <tr>\n",
       "      <th>e</th>\n",
       "      <td>0.000003</td>\n",
       "      <td>0.000003</td>\n",
       "      <td>0.000003</td>\n",
       "    </tr>\n",
       "    <tr>\n",
       "      <th>f</th>\n",
       "      <td>0.000003</td>\n",
       "      <td>0.000003</td>\n",
       "      <td>0.000003</td>\n",
       "    </tr>\n",
       "    <tr>\n",
       "      <th>g</th>\n",
       "      <td>0.000003</td>\n",
       "      <td>0.000003</td>\n",
       "      <td>0.000003</td>\n",
       "    </tr>\n",
       "    <tr>\n",
       "      <th>h</th>\n",
       "      <td>0.100808</td>\n",
       "      <td>0.926941</td>\n",
       "      <td>0.000605</td>\n",
       "    </tr>\n",
       "    <tr>\n",
       "      <th>i</th>\n",
       "      <td>0.800965</td>\n",
       "      <td>0.000003</td>\n",
       "      <td>0.166594</td>\n",
       "    </tr>\n",
       "    <tr>\n",
       "      <th>j</th>\n",
       "      <td>0.000003</td>\n",
       "      <td>0.000003</td>\n",
       "      <td>0.000003</td>\n",
       "    </tr>\n",
       "    <tr>\n",
       "      <th>k</th>\n",
       "      <td>0.000003</td>\n",
       "      <td>0.000003</td>\n",
       "      <td>0.000003</td>\n",
       "    </tr>\n",
       "    <tr>\n",
       "      <th>l</th>\n",
       "      <td>0.000003</td>\n",
       "      <td>0.000003</td>\n",
       "      <td>0.000003</td>\n",
       "    </tr>\n",
       "    <tr>\n",
       "      <th>m</th>\n",
       "      <td>0.000003</td>\n",
       "      <td>0.022638</td>\n",
       "      <td>0.811872</td>\n",
       "    </tr>\n",
       "    <tr>\n",
       "      <th>n</th>\n",
       "      <td>0.062848</td>\n",
       "      <td>0.000003</td>\n",
       "      <td>0.014181</td>\n",
       "    </tr>\n",
       "    <tr>\n",
       "      <th>o</th>\n",
       "      <td>0.000003</td>\n",
       "      <td>0.000003</td>\n",
       "      <td>0.000003</td>\n",
       "    </tr>\n",
       "    <tr>\n",
       "      <th>p</th>\n",
       "      <td>0.029042</td>\n",
       "      <td>0.000003</td>\n",
       "      <td>0.006702</td>\n",
       "    </tr>\n",
       "    <tr>\n",
       "      <th>q</th>\n",
       "      <td>0.000003</td>\n",
       "      <td>0.000003</td>\n",
       "      <td>0.000003</td>\n",
       "    </tr>\n",
       "    <tr>\n",
       "      <th>r</th>\n",
       "      <td>0.000003</td>\n",
       "      <td>0.000003</td>\n",
       "      <td>0.000003</td>\n",
       "    </tr>\n",
       "    <tr>\n",
       "      <th>s</th>\n",
       "      <td>0.000003</td>\n",
       "      <td>0.000003</td>\n",
       "      <td>0.000003</td>\n",
       "    </tr>\n",
       "    <tr>\n",
       "      <th>t</th>\n",
       "      <td>0.000003</td>\n",
       "      <td>0.000003</td>\n",
       "      <td>0.000003</td>\n",
       "    </tr>\n",
       "  </tbody>\n",
       "</table>\n",
       "</div>"
      ],
      "text/plain": [
       "          0         1         2\n",
       "a  0.006288  0.050375  0.000003\n",
       "b  0.000003  0.000003  0.000003\n",
       "c  0.000003  0.000003  0.000003\n",
       "d  0.000003  0.000003  0.000003\n",
       "e  0.000003  0.000003  0.000003\n",
       "f  0.000003  0.000003  0.000003\n",
       "g  0.000003  0.000003  0.000003\n",
       "h  0.100808  0.926941  0.000605\n",
       "i  0.800965  0.000003  0.166594\n",
       "j  0.000003  0.000003  0.000003\n",
       "k  0.000003  0.000003  0.000003\n",
       "l  0.000003  0.000003  0.000003\n",
       "m  0.000003  0.022638  0.811872\n",
       "n  0.062848  0.000003  0.014181\n",
       "o  0.000003  0.000003  0.000003\n",
       "p  0.029042  0.000003  0.006702\n",
       "q  0.000003  0.000003  0.000003\n",
       "r  0.000003  0.000003  0.000003\n",
       "s  0.000003  0.000003  0.000003\n",
       "t  0.000003  0.000003  0.000003"
      ]
     },
     "execution_count": 24,
     "metadata": {},
     "output_type": "execute_result"
    }
   ],
   "source": [
    "lda_df = pd.DataFrame(lda.components_, columns=['a', 'b', 'c', 'd', 'e', 'f', 'g', 'h', 'i', 'j', 'k', 'l', 'm', 'n', 'o', 'p','q', 'r', 's', 't'])\n",
    "lda_df.transpose()"
   ]
  },
  {
   "cell_type": "code",
   "execution_count": 50,
   "metadata": {
    "scrolled": true
   },
   "outputs": [
    {
     "data": {
      "text/plain": [
       "array([[6.28803611e-03, 3.30443347e-06, 3.30443347e-06, 3.30443347e-06,\n",
       "        3.30443347e-06, 3.30443347e-06, 3.30443347e-06, 1.00807960e-01,\n",
       "        8.00964525e-01, 3.30443347e-06, 3.30443347e-06, 3.30443347e-06,\n",
       "        3.30443347e-06, 6.28478993e-02, 3.30443347e-06, 2.90420135e-02,\n",
       "        3.30443347e-06, 3.30443347e-06, 3.30443347e-06, 3.30443347e-06],\n",
       "       [5.03752750e-02, 2.72312164e-06, 2.72312164e-06, 2.72312164e-06,\n",
       "        2.72312164e-06, 2.72312164e-06, 2.72312164e-06, 9.26940755e-01,\n",
       "        2.72320156e-06, 2.72312164e-06, 2.72312164e-06, 2.72312164e-06,\n",
       "        2.26376767e-02, 2.72312164e-06, 2.72312164e-06, 2.72312164e-06,\n",
       "        2.72312164e-06, 2.72312164e-06, 2.72312164e-06, 2.72312164e-06],\n",
       "       [3.02836986e-06, 3.02836986e-06, 3.02836986e-06, 3.02836986e-06,\n",
       "        3.02836986e-06, 3.02836986e-06, 3.02836986e-06, 6.04873698e-04,\n",
       "        1.66594029e-01, 3.02836986e-06, 3.02836986e-06, 3.02836986e-06,\n",
       "        8.11872241e-01, 1.41810504e-02, 3.02836986e-06, 6.70238034e-03,\n",
       "        3.02836986e-06, 3.02836986e-06, 3.02836986e-06, 3.02836986e-06]])"
      ]
     },
     "execution_count": 50,
     "metadata": {},
     "output_type": "execute_result"
    }
   ],
   "source": [
    "normalized_topics"
   ]
  },
  {
   "cell_type": "code",
   "execution_count": 59,
   "metadata": {},
   "outputs": [
    {
     "data": {
      "text/plain": [
       "array([[8.09891341e-015, 4.02444780e-032, 4.01623839e-016,\n",
       "        1.95358952e-009, 1.02817614e-032, 4.86737557e-014,\n",
       "        5.59682335e-015, 1.28728315e-231, 6.17979937e-019,\n",
       "        3.16971977e-017, 3.64367022e-032, 3.31247496e-124,\n",
       "        9.99999930e-001, 3.19850176e-050, 3.78754712e-049,\n",
       "        1.15033445e-028, 6.78716806e-008, 2.24223064e-025,\n",
       "        2.37189557e-055, 2.34099903e-013],\n",
       "       [2.79960968e-012, 6.14162347e-100, 8.52952811e-034,\n",
       "        2.18937751e-300, 5.21028415e-044, 1.13343486e-138,\n",
